1
2
3
5
7
11
13
17
19
23
29
31
37
41
43
47
53
59
61
67
71
73
79
83
89
97
101
103
107
109
113
127
131
137
139
149
151
157
163
167
173
179
181
191
193
197
199
211
223
227
229
233
239
241
251
257
263
269
271
277
281
283
293
307
311
313
317
331
337
347
349
353
359
367
373
379
383
389
397
401
409
419
421
431
433
439
443
449
457
461
463
467
479
487
491
499
503
509
521
523
541
547
557
563
569
571
577
587
593
599
601
607
613
617
619
631
641
643
647
653
659
661
673
677
683
691
701
709
719
727
733
739
743
751
757
761
769
773
787
797
809
811
821
823
827
829
839
853
857
859
863
877
881
883
887
907
911
919
929
937
941
947
953
967
971
977
983
991
997
1009
1013
1019
1021
1031
1033
1039
1049
1051
1061
1063
1069
1087
1091
1093
1097
1103
1109
1117
1123
1129
1151
1153
1163
1171
1181
1187
1193
1201
1213
1217
1223
1229
1231
1237
1249
1259
1277
1279
1283
1289
1291
1297
1301
1303
1307
1319
1321
1327
1361
1367
1373
1381
1399
1409
1423
1427
1429
1433
1439
1447
1451
1453
1459
1471
1481
1483
1487
1489
1493
1499
1511
1523
1531
1543
1549
1553
1559
1567
1571
1579
1583
1597
1601
1607
1609
1613
1619
1621
1627
1637
1657
1663
1667
1669
1693
1697
1699
1709
1721
1723
1733
1741
1747
1753
1759
1777
1783
1787
1789
1801
1811
1823
1831
1847
1861
1867
1871
1873
1877
1879
1889
1901
1907
1913
1931
1933
1949
1951
1973
1979
1987
1993
1997
1999
2003
2011
2017
2027
2029
2039
2053
2063
2069
2081
2083
2087
2089
2099
2111
2113
2129
2131
2137
2141
2143
2153
2161
2179
2203
2207
2213
2221
2237
2239
2243
2251
2267
2269
2273
2281
2287
2293
2297
2309
2311
2333
2339
2341
2347
2351
2357
2371
2377
2381
2383
2389
2393
2399
2411
2417
2423
2437
2441
2447
2459
2467
2473
2477
2503
2521
2531
2539
2543
2549
2551
2557
2579
2591
2593
2609
2617
2621
2633
2647
2657
2659
2663
2671
2677
2683
2687
2689
2693
2699
2707
2711
2713
2719
2729
2731
2741
2749
2753
2767
2777
2789
2791
2797
2801
2803
2819
2833
2837
2843
2851
2857
2861
2879
2887
2897
2903
2909
2917
2927
2939
2953
2957
2963
2969
2971
2999
3001
3011
3019
3023
3037
3041
3049
3061
3067
3079
3083
3089
3109
3119
3121
3137
3163
3167
3169
3181
3187
3191
3203
3209
3217
3221
3229
3251
3253
3257
3259
3271
3299
3301
3307
3313
3319
3323
3329
3331
3343
3347
3359
3361
3371
3373
3389
3391
3407
3413
3433
3449
3457
3461
3463
3467
3469
3491
3499
3511
3517
3527
3529
3533
3539
3541
3547
3557
3559
3571
3581
3583
3593
3607
3613
3617
3623
3631
3637
3643
3659
3671
3673
3677
3691
3697
3701
3709
3719
3727
3733
3739
3761
3767
3769
3779
3793
3797
3803
3821
3823
3833
3847
3851
3853
3863
3877
3881
3889
3907
3911
3917
3919
3923
3929
3931
3943
3947
3967
3989
4001
4003
4007
4013
4019
4021
4027
4049
4051
4057
4073
4079
4091
4093
4099
4111
4127
4129
4133
4139
4153
4157
4159
4177
4201
4211
4217
4219
4229
4231
4241
4243
4253
4259
4261
4271
4273
4283
4289
4297
4327
4337
4339
4349
4357
4363
4373
4391
4397
4409
4421
4423
4441
4447
4451
4457
4463
4481
4483
4493
4507
4513
4517
4519
4523
4547
4549
4561
4567
4583
4591
4597
4603
4621
4637
4639
4643
4649
4651
4657
4663
4673
4679
4691
4703
4721
4723
4729
4733
4751
4759
4783
4787
4789
4793
4799
4801
4813
4817
4831
4861
4871
4877
4889
4903
4909
4919
4931
4933
4937
4943
4951
4957
4967
4969
4973
4987
4993
4999
5003
5009
5011
5021
5023
5039
5051
5059
5077
5081
5087
5099
5101
5107
5113
5119
5147
5153
5167
5171
5179
5189
5197
5209
5227
5231
5233
5237
5261
5273
5279
5281
5297
5303
5309
5323
5333
5347
5351
5381
5387
5393
5399
5407
5413
5417
5419
5431
5437
5441
5443
5449
5471
5477
5479
5483
5501
5503
5507
5519
5521
5527
5531
5557
5563
5569
5573
5581
5591
5623
5639
5641
5647
5651
5653
5657
5659
5669
5683
5689
5693
5701
5711
5717
5737
5741
5743
5749
5779
5783
5791
5801
5807
5813
5821
5827
5839
5843
5849
5851
5857
5861
5867
5869
5879
5881
5897
5903
5923
5927
5939
5953
5981
5987
6007
6011
6029
6037
6043
6047
6053
6067
6073
6079
6089
6091
6101
6113
6121
6131
6133
6143
6151
6163
6173
6197
6199
6203
6211
6217
6221
6229
6247
6257
6263
6269
6271
6277
6287
6299
6301
6311
6317
6323
6329
6337
6343
6353
6359
6361
6367
6373
6379
6389
6397
6421
6427
6449
6451
6469
6473
6481
6491
6521
6529
6547
6551
6553
6563
6569
6571
6577
6581
6599
6607
6619
6637
6653
6659
6661
6673
6679
6689
6691
6701
6703
6709
6719
6733
6737
6761
6763
6779
6781
6791
6793
6803
6823
6827
6829
6833
6841
6857
6863
6869
6871
6883
6899
6907
6911
6917
6947
6949
6959
6961
6967
6971
6977
6983
6991
6997
7001
7013
7019
7027
7039
7043
7057
7069
7079
7103
7109
7121
7127
7129
7151
7159
7177
7187
7193
7207
7211
7213
7219
7229
7237
7243
7247
7253
7283
7297
7307
7309
7321
7331
7333
7349
7351
7369
7393
7411
7417
7433
7451
7457
7459
7477
7481
7487
7489
7499
7507
7517
7523
7529
7537
7541
7547
7549
7559
7561
7573
7577
7583
7589
7591
7603
7607
7621
7639
7643
7649
7669
7673
7681
7687
7691
7699
7703
7717
7723
7727
7741
7753
7757
7759
7789
7793
7817
7823
7829
7841
7853
7867
7873
7877
7879
7883
7901
7907
7919
7927
7933
7937
7949
7951
7963
7993
8009
8011
8017
8039
8053
8059
8069
8081
8087
8089
8093
8101
8111
8117
8123
8147
8161
8167
8171
8179
8191
8209
8219
8221
8231
8233
8237
8243
8263
8269
8273
8287
8291
8293
8297
8311
8317
8329
8353
8363
8369
8377
8387
8389
8419
8423
8429
8431
8443
8447
8461
8467
8501
8513
8521
8527
8537
8539
8543
8563
8573
8581
8597
8599
8609
8623
8627
8629
8641
8647
8663
8669
8677
8681
8689
8693
8699
8707
8713
8719
8731
8737
8741
8747
8753
8761
8779
8783
8803
8807
8819
8821
8831
8837
8839
8849
8861
8863
8867
8887
8893
8923
8929
8933
8941
8951
8963
8969
8971
8999
9001
9007
9011
9013
9029
9041
9043
9049
9059
9067
9091
9103
9109
9127
9133
9137
9151
9157
9161
9173
9181
9187
9199
9203
9209
9221
9227
9239
9241
9257
9277
9281
9283
9293
9311
9319
9323
9337
9341
9343
9349
9371
9377
9391
9397
9403
9413
9419
9421
9431
9433
9437
9439
9461
9463
9467
9473
9479
9491
9497
9511
9521
9533
9539
9547
9551
9587
9601
9613
9619
9623
9629
9631
9643
9649
9661
9677
9679
9689
9697
9719
9721
9733
9739
9743
9749
9767
9769
9781
9787
9791
9803
9811
9817
9829
9833
9839
9851
9857
9859
9871
9883
9887
9901
9907
9923
9929
9931
9941
9949
9967
9973
10007
10009
10037
10039
10061
10067
10069
10079
10091
10093
10099
10103
10111
10133
10139
10141
10151
10159
10163
10169
10177
10181
10193
10211
10223
10243
10247
10253
10259
10267
10271
10273
10289
10301
10303
10313
10321
10331
10333
10337
10343
10357
10369
10391
10399
10427
10429
10433
10453
10457
10459
10463
10477
10487
10499
10501
10513
10529
10531
10559
10567
10589
10597
10601
10607
10613
10627
10631
10639
10651
10657
10663
10667
10687
10691
10709
10711
10723
10729
10733
10739
10753
10771
10781
10789
10799
10831
10837
10847
10853
10859
10861
10867
10883
10889
10891
10903
10909
10937
10939
10949
10957
10973
10979
10987
10993
11003
11027
11047
11057
11059
11069
11071
11083
11087
11093
11113
11117
11119
11131
11149
11159
11161
11171
11173
11177
11197
11213
11239
11243
11251
11257
11261
11273
11279
11287
11299
11311
11317
11321
11329
11351
11353
11369
11383
11393
11399
11411
11423
11437
11443
11447
11467
11471
11483
11489
11491
11497
11503
11519
11527
11549
11551
11579
11587
11593
11597
11617
11621
11633
11657
11677
11681
11689
11699
11701
11717
11719
11731
11743
11777
11779
11783
11789
11801
11807
11813
11821
11827
11831
11833
11839
11863
11867
11887
11897
11903
11909
11923
11927
11933
11939
11941
11953
11959
11969
11971
11981
11987
12007
12011
12037
12041
12043
12049
12071
12073
12097
12101
12107
12109
12113
12119
12143
12149
12157
12161
12163
12197
12203
12211
12227
12239
12241
12251
12253
12263
12269
12277
12281
12289
12301
12323
12329
12343
12347
12373
12377
12379
12391
12401
12409
12413
12421
12433
12437
12451
12457
12473
12479
12487
12491
12497
12503
12511
12517
12527
12539
12541
12547
12553
12569
12577
12583
12589
12601
12611
12613
12619
12637
12641
12647
12653
12659
12671
12689
12697
12703
12713
12721
12739
12743
12757
12763
12781
12791
12799
12809
12821
12823
12829
12841
12853
12889
12893
12899
12907
12911
12917
12919
12923
12941
12953
12959
12967
12973
12979
12983
13001
13003
13007
13009
13033
13037
13043
13049
13063
13093
13099
13103
13109
13121
13127
13147
13151
13159
13163
13171
13177
13183
13187
13217
13219
13229
13241
13249
13259
13267
13291
13297
13309
13313
13327
13331
13337
13339
13367
13381
13397
13399
13411
13417
13421
13441
13451
13457
13463
13469
13477
13487
13499
13513
13523
13537
13553
13567
13577
13591
13597
13613
13619
13627
13633
13649
13669
13679
13681
13687
13691
13693
13697
13709
13711
13721
13723
13729
13751
13757
13759
13763
13781
13789
13799
13807
13829
13831
13841
13859
13873
13877
13879
13883
13901
13903
13907
13913
13921
13931
13933
13963
13967
13997
13999
14009
14011
14029
14033
14051
14057
14071
14081
14083
14087
14107
14143
14149
14153
14159
14173
14177
14197
14207
14221
14243
14249
14251
14281
14293
14303
14321
14323
14327
14341
14347
14369
14387
14389
14401
14407
14411
14419
14423
14431
14437
14447
14449
14461
14479
14489
14503
14519
14533
14537
14543
14549
14551
14557
14561
14563
14591
14593
14621
14627
14629
14633
14639
14653
14657
14669
14683
14699
14713
14717
14723
14731
14737
14741
14747
14753
14759
14767
14771
14779
14783
14797
14813
14821
14827
14831
14843
14851
14867
14869
14879
14887
14891
14897
14923
14929
14939
14947
14951
14957
14969
14983
15013
15017
15031
15053
15061
15073
15077
15083
15091
15101
15107
15121
15131
15137
15139
15149
15161
15173
15187
15193
15199
15217
15227
15233
15241
15259
15263
15269
15271
15277
15287
15289
15299
15307
15313
15319
15329
15331
15349
15359
15361
15373
15377
15383
15391
15401
15413
15427
15439
15443
15451
15461
15467
15473
15493
15497
15511
15527
15541
15551
15559
15569
15581
15583
15601
15607
15619
15629
15641
15643
15647
15649
15661
15667
15671
15679
15683
15727
15731
15733
15737
15739
15749
15761
15767
15773
15787
15791
15797
15803
15809
15817
50021
15823
50023
15859
50033
15877
15881
15887
15889
15901
50047
15907
15913
50051
15919
50053
15923
15937
15959
15971
50069
15973
15991
50077
16001
16007
50087
16033
50093
16057
16061
16063
16067
16069
50101
16073
16087
16091
16097
50111
16103
16111
50119
16127
50123
16139
16141
50129
50131
16183
16187
16189
16193
50147
16217
16223
16229
50153
16231
50159
16249
16253
16267
16273
16301
50177
16319
16333
16339
16349
16361
16363
16369
16381
50207
16411
16417
16421
16427
16433
50221
16447
50227
16451
16453
50231
16477
16481
16487
16493
16519
16529
16547
16553
50261
50263
16561
16567
16573
50273
16603
16607
16619
16631
50287
16633
50291
16649
16651
16657
16661
16673
16691
16693
16699
16703
50311
16729
50321
16741
16747
50329
16759
16763
50333
16787
50341
16811
16823
16829
16831
16843
50359
50363
16871
16879
16883
16889
50377
16901
16903
50383
16921
50387
16927
16931
16937
16943
16963
16979
16981
16987
16993
50411
17011
50417
17021
17027
17029
50423
17033
17041
17047
17053
17077
50441
17093
17099
17107
17117
17123
50459
17137
50461
17159
17167
17183
17189
17191
17203
17207
17209
17231
17239
50497
17257
50503
17291
50513
17293
17299
17317
17321
17327
50527
17333
17341
17351
17359
50539
50543
17377
17383
17387
17389
50549
17393
50551
17401
17417
17419
17431
17443
17449
17467
17471
17477
17483
50581
17489
17491
17497
50587
17509
50591
50593
17519
50599
17539
17551
17569
17573
17579
17581
17597
17599
17609
50627
17623
17627
17657
17659
17669
50647
17681
50651
17683
17707
17713
17729
17737
50671
17747
17749
17761
50683
17783
17789
17791
17807
17827
17837
50707
17839
17851
17863
17881
50723
17891
17903
17909
17911
17921
17923
17929
50741
17939
17957
17959
50753
17971
17977
17981
17987
17989
50767
18013
50773
50777
18041
18043
18047
18049
18059
18061
50789
18077
18089
18097
18119
18121
18127
18131
18133
18143
18149
50821
18169
18181
50833
18191
18199
50839
18211
18217
18223
50849
18229
18233
50857
18251
18253
18257
18269
50867
18287
18289
50873
18301
18307
18311
18313
18329
50891
18341
50893
18353
18367
18371
18379
50909
18397
18401
18413
50923
18427
18433
18439
50929
18443
18451
18457
18461
18481
18493
50951
18503
50957
18517
18521
18523
18539
18541
50969
50971
18553
18583
18587
18593
50989
50993
18617
51001
18637
18661
18671
18679
18691
18701
18713
51031
18719
18731
18743
51043
18749
51047
18757
18773
18787
51059
51061
18793
18797
18803
51071
18839
18859
18869
18899
18911
18913
18917
18919
51109
18947
18959
18973
18979
51131
51133
51137
19001
19009
19013
19031
51151
19037
51157
19051
19069
19073
51169
19079
19081
19087
19121
19139
19141
51193
51197
19157
51199
19163
51203
19181
19183
51217
19207
19211
19213
19219
19231
51229
19237
19249
19259
51239
19267
51241
19273
19289
19301
19309
51257
19319
51263
19333
19373
51283
19379
19381
19387
51287
19391
19403
19417
19421
19423
19427
19429
19433
51307
19441
19447
19457
19463
19469
19471
19477
19483
19489
51329
19501
19507
51341
19531
51343
19541
19543
51347
51349
19553
19559
19571
19577
51361
19583
19597
19603
19609
51383
19661
19681
19687
19697
19699
51407
19709
51413
19717
19727
51419
51421
19739
19751
51427
19753
19759
51431
19763
51437
19777
51439
19793
19801
51449
19813
19819
51461
19841
19843
19853
19861
19867
51473
51479
19889
19891
51481
51487
19913
19919
19927
19937
51503
19949
19961
19963
51511
19973
19979
51517
19991
51521
19993
19997
20011
20021
20023
20029
51539
20047
20051
20063
51551
20071
20089
51563
20101
20107
20113
20117
20123
20129
51577
51581
20143
20147
20149
20161
51593
20173
20177
20183
51599
20201
51607
20219
51613
20231
20233
20249
20261
51631
20269
51637
20287
20297
51647
20323
20327
20333
51659
20341
20347
20353
20357
20359
20369
51673
51679
20389
20393
51683
20399
20407
20411
51691
20431
20441
20443
51713
20477
20479
20483
51719
51721
20507
20509
20521
20533
20543
20549
20551
51749
20563
20593
20599
51767
51769
20611
20627
20639
20641
51787
20663
51797
20681
20693
51803
20707
20717
20719
51817
20731
20743
20747
20749
20753
51827
51829
20759
20771
20773
51839
20789
20807
20809
51853
100003
51859
20849
20857
51869
51871
20873
20879
20887
20897
20899
20903
100019
51893
20921
20929
51899
20939
20947
51907
20959
20963
51913
20981
20983
21001
51929
21011
21013
21017
100043
21019
21023
21031
51941
100049
51949
21059
21061
21067
100057
21089
21101
51971
21107
51973
21121
51977
100069
21139
21143
21149
51991
21157
21163
21169
21179
21187
21191
21193
52009
21211
21221
52021
21227
52027
21247
21269
21277
21283
100103
52051
21313
52057
21317
21319
100109
21323
52067
21341
52069
21347
52081
21377
21379
21383
21391
21397
21401
21407
100129
21419
52103
21433
21467
52121
21481
52127
21487
21491
21493
21499
21503
100151
21517
21521
21523
100153
21529
52147
52153
21557
21559
21563
21569
52163
21577
21587
21589
100169
21599
21601
52177
21611
21613
52181
21617
52183
52189
21647
21649
52201
21661
100183
21673
21683
100189
21701
100193
52223
21713
21727
21737
21739
52237
21751
21757
21767
100207
21773
52249
52253
21787
100213
52259
21799
21803
52267
21817
21821
21839
21841
21851
21859
21863
52289
52291
21871
21881
21893
52301
100237
21911
52313
21929
21937
52321
21943
21961
21977
21991
21997
22003
22013
22027
22031
52361
100267
22037
52363
22039
22051
52369
100271
22063
22067
22073
52379
22079
100279
22091
22093
52387
52391
22109
22111
22123
22129
22133
100291
22147
22153
22157
22159
100297
22171
22189
22193
52433
22229
100313
52453
22247
52457
22259
22271
22273
22277
22279
22283
22291
22303
22307
100333
52489
22343
22349
52501
22367
22369
100343
52511
22381
22391
52517
22397
22409
52529
22433
100357
22441
22447
52541
100361
22453
52543
100363
22469
52553
22481
22483
52561
22501
52567
22511
52571
22531
100379
52579
22541
22543
52583
22549
22567
22571
22573
100391
100393
52609
22613
22619
22621
100403
22637
22639
22643
52627
22651
52631
22669
100411
52639
22679
22691
100417
22697
22699
22709
22717
22721
22727
52667
22739
22741
52673
22751
22769
22777
22783
22787
52691
52697
22807
22811
22817
100447
52709
52711
22853
22859
52721
22861
22871
52727
100459
22877
52733
22901
22907
52747
100469
22921
22937
52757
22943
22961
22963
52769
22973
100483
22993
52783
23003
23011
23017
23021
100493
23027
23029
23039
23041
23053
52807
100501
23057
23059
23063
52813
23071
52817
23081
23087
100511
23099
23117
52837
100517
23131
100519
23143
100523
23159
23167
52859
23173
52861
23189
23197
23201
23203
100537
23209
52879
52883
23227
52889
100547
23251
100549
52901
23269
52903
23279
23291
23293
23297
100559
52919
23311
23321
23327
23333
23339
52937
23357
23369
23371
52951
52957
23399
52963
52967
23417
52973
23431
100591
52981
23447
23459
23473
52999
53003
23497
23509
100609
53017
100613
23531
23537
23539
23549
23557
23561
100621
23563
23567
23581
53047
23593
23599
53051
23603
23609
23623
23627
23629
23633
53069
53077
23663
23669
23671
100649
23677
53087
53089
23687
23689
53093
53101
23719
53113
23741
23743
53117
23747
23753
23761
100669
23767
53129
23773
100673
23789
23801
53147
23813
53149
23819
23827
23831
23833
53161
23857
100693
53171
53173
23869
23873
23879
100699
23887
23893
23899
100703
53189
23909
23911
23917
53197
53201
23929
23957
23971
23977
23981
23993
53231
53233
24001
24007
53239
24019
24023
100733
24029
24043
24049
100741
24061
24071
53267
53269
24077
100747
24083
24091
24097
53279
53281
24103
24107
24109
24113
24121
24133
24137
53299
24151
53309
24169
100769
24179
24181
53323
24197
24203
53327
24223
24229
24239
100787
24247
24251
53353
53359
24281
100799
100801
53377
24317
53381
24329
24337
100811
24359
53401
24371
24373
53407
24379
53411
24391
100823
53419
24407
24413
100829
24419
24421
53437
24439
24443
53441
24469
24473
53453
24481
100847
24499
24509
100853
24517
24527
53479
24533
24547
24551
24571
53503
53507
24593
24611
24623
24631
53527
24659
24671
24677
53549
24683
53551
24691
24697
24709
53569
100907
24733
24749
100913
24763
24767
53591
53593
24781
53597
24793
24799
24809
53609
100927
53611
24821
53617
100931
53623
24841
24847
24851
53629
100937
24859
53633
53639
100943
24877
24889
53653
24907
53657
24917
24919
24923
100957
24943
24953
53681
24967
24971
24977
24979
53693
24989
53699
25013
100981
25031
25033
25037
53717
53719
100987
25057
53731
25073
25087
25097
100999
25111
25117
25121
25127
53759
101009
25147
25153
53773
25163
53777
25169
25171
53783
25183
101021
25189
53791
101027
25219
25229
25237
25243
53813
25247
25253
53819
25261
53831
25301
25303
101051
25307
25309
53849
25321
53857
25339
25343
53861
25349
101063
25357
25367
25373
53881
25391
53887
53891
25409
25411
53897
101081
25423
53899
25439
25447
101089
25453
25457
53917
25463
25469
25471
53923
53927
53939
25523
101107
53951
25537
101111
25541
101113
53959
25561
101117
101119
25577
25579
25583
25589
25601
25603
53987
25609
53993
25621
25633
54001
25639
25643
101141
54011
25657
54013
25667
25673
25679
101149
25693
25703
54037
25717
101159
101161
25733
54049
25741
25747
54059
25759
25763
25771
101173
25793
25799
25801
54083
101183
25819
54091
25841
54101
25847
25849
101197
25867
25873
54121
25889
101203
25903
101207
54133
101209
25913
25919
54139
25931
25933
25939
25943
54151
25951
101221
25969
54163
54167
25981
25997
25999
26003
54181
26017
26021
26029
54193
26041
26053
26083
54217
26099
26107
26111
26113
26119
101267
26141
54251
26153
101273
26161
26171
26177
101279
26183
54269
26189
101281
26203
54277
26209
101287
54287
26227
101293
26237
54293
26249
26251
26261
26263
26267
54311
54319
26293
26297
54323
26309
26317
54331
26321
26339
26347
101323
54347
26357
26371
54361
26387
101333
54367
26393
26399
54371
26407
54377
26417
101341
26423
26431
26437
101347
26449
26459
54401
54403
54409
26479
101359
54413
26489
26497
54419
101363
26501
54421
26513
54437
26539
54443
101377
26557
54449
26561
26573
101383
26591
26597
54469
26627
26633
101399
26641
54493
26647
54497
54499
54503
26669
26681
101411
26683
26687
26693
54517
26699
26701
54521
26711
101419
26713
26717
26723
26729
26731
26737
54539
54541
101429
54547
26759
26777
54559
26783
54563
26801
26813
54577
26821
101449
54581
54583
26833
26839
26849
26861
26863
54601
26879
26881
101467
26891
26893
54617
26903
54623
54629
26921
54631
101477
26927
26947
101483
26951
26953
54647
26959
101489
26981
26987
26993
54667
54673
27011
101501
27017
54679
101503
27031
27043
27059
101513
27061
27067
27073
27077
54709
54713
27091
27103
54721
27107
27109
101527
54727
27127
101531
101533
27143
101537
54751
27179
27191
54767
27197
54773
27211
54779
54787
101561
27239
27241
27253
27259
54799
27271
27277
27281
101573
27283
27299
101581
54829
54833
27329
27337
27361
54851
27367
101599
101603
27397
54869
27407
27409
54877
101611
54881
27427
27431
27437
27449
27457
54907
27479
101627
27481
27487
54917
54919
27509
27527
27529
101641
27539
54941
27541
27551
54949
101653
54959
27581
27583
54973
101663
27611
54979
27617
54983
27631
27647
27653
55001
27673
55009
101681
27689
27691
55021
27697
27701
101693
27733
27737
27739
27743
101701
27749
55049
27751
55051
27763
55057
27767
27773
55061
27779
27791
27793
55073
27799
27803
27809
101719
55079
27817
101723
27823
27827
27847
27851
55103
55109
101737
27883
55117
101741
27893
27901
55127
101747
101749
27917
27919
27941
55147
27943
27947
27953
27961
27967
55163
27983
55171
101771
27997
28001
28019
28027
28031
55201
28051
28057
101789
55207
28069
55213
55217
28081
55219
101797
28087
28097
28099
55229
28109
28111
101807
28123
55243
55249
28151
55259
28163
28181
28183
28201
28211
101833
28219
55291
28229
101837
101839
55313
28277
28279
28283
28289
28297
55331
55333
28307
28309
55337
55339
28319
101863
55343
55351
101869
28349
28351
101873
101879
55373
28387
28393
55381
28403
28409
28411
101891
28429
55399
28433
28439
28447
55411
28463
28477
28493
28499
55439
55441
28513
101917
28517
101921
28537
28541
55457
28547
28549
101929
28559
55469
28571
28573
28579
28591
101939
28597
55487
28603
28607
28619
28621
28627
55501
28631
28643
55511
28649
101957
28657
28661
28663
28669
101963
55529
28687
28697
55541
28703
28711
55547
28723
101977
28729
28751
28753
101987
28759
28771
55579
28789
55589
28793
101999
28807
102001
28813
28817
55603
55609
28837
28843
102013
55619
55621
28859
28867
102019
28871
55631
55633
28879
102023
55639
28901
28909
102031
28921
28927
55661
28933
55663
55667
28949
102043
55673
28961
55681
28979
55691
55697
102059
29009
102061
29017
29021
29023
55711
29027
29033
55717
55721
102071
29059
29063
55733
102077
29077
102079
29101
29123
55763
29129
29131
29137
29147
29153
102101
102103
29167
55787
29173
102107
29179
55793
29191
55799
29201
29207
29209
55807
55813
29221
102121
55817
29231
55819
55823
29243
29251
55829
55837
29269
55843
102139
29287
55849
29297
29303
29311
102149
29327
55871
29333
29339
29347
102161
29363
55889
55897
29383
29387
55901
29389
55903
29399
29401
29411
29423
55921
29429
102181
55927
29437
29443
55931
55933
29453
102191
29473
55949
29483
102197
102199
29501
102203
55967
29527
29531
29537
55987
102217
29567
55997
29569
29573
56003
29581
29587
56009
102229
29599
102233
29611
29629
29633
102241
29641
56039
56041
29663
29669
102251
29671
56053
102253
29683
102259
29717
29723
56081
56087
29741
56093
29753
29759
56099
29761
56101
56113
29789
29803
56123
102293
29819
56131
102299
29833
29837
102301
29851
56149
29863
29867
29873
29879
29881
56167
102317
56171
56179
29917
29921
29927
102329
56197
29947
29959
102337
56207
56209
29983
29989
30011
30013
56237
56239
30029
102359
56249
30047
30059
102367
56263
30071
56267
56269
30089
30091
30097
30103
30109
30113
30119
56299
30133
30137
30139
56311
30161
102397
30169
30181
30187
102407
56333
30197
102409
30203
30211
30223
30241
56359
30253
30259
56369
30269
30271
56377
102433
56383
30293
102437
56393
30307
30313
30319
56401
30323
30341
102451
30347
56417
30367
102461
56431
56437
30389
30391
56443
30403
56453
30427
30431
102481
56467
30449
56473
56477
56479
30467
30469
56489
30491
30493
102497
30497
102499
56501
30509
56503
102503
30517
56509
30529
30539
56519
30553
56527
30557
30559
56531
56533
30577
102523
56543
30593
102533
30631
56569
102539
30637
30643
30649
30661
102547
30671
56591
102551
30677
56597
56599
30689
30697
102559
30703
30707
56611
30713
102563
30727
56629
56633
30757
30763
30773
30781
102587
56659
30803
56663
30809
102593
30817
56671
30829
56681
30839
30841
56687
30851
30853
102607
30859
30869
102611
30871
56701
30881
56711
56713
30893
30911
56731
30931
56737
30937
30941
30949
56747
30971
102643
30977
30983
102647
56767
56773
102653
31013
56779
31019
56783
31033
31039
31051
102667
31063
56807
56809
31069
102673
56813
31079
31081
102677
56821
31091
102679
56827
31121
31123
56843
31139
31147
31151
31153
56857
31159
102701
31177
31181
31183
56873
31189
31193
56891
31219
56893
31223
56897
31231
31237
31247
56909
31249
56911
31253
31259
31267
56921
31271
56923
31277
56929
56941
31307
31319
31321
56951
31327
31333
56957
31337
56963
31357
102761
102763
31379
56983
102769
31387
31391
56989
31393
31397
56993
56999
102793
31469
102797
31477
57037
31481
57041
31489
57047
31511
31513
31517
57059
102811
31531
31541
57073
31543
31547
57077
31567
57089
31573
102829
31583
57097
31601
57107
31607
102841
57119
31627
31643
57131
31649
31657
57139
31663
31667
57143
102859
57149
31687
31699
57163
102871
31721
57173
31723
102877
31727
31729
57179
102881
31741
31751
57191
57193
31769
31771
57203
31793
31799
57221
57223
31817
102911
102913
57241
31847
31849
31859
57251
31873
57259
31883
31891
102929
57269
57271
102931
31907
57283
57287
57301
31957
31963
102953
31973
31981
31991
57329
32003
57331
32009
102967
32027
32029
57347
57349
32051
32057
32059
32063
102983
57367
32069
32077
57373
32083
32089
57383
32099
57389
32117
32119
57397
103001
103007
32141
32143
57413
32159
32173
57427
32183
32189
32191
32203
32213
57457
32233
32237
57467
32251
103043
32257
32261
103049
57487
57493
32297
32299
32303
57503
32309
32321
32323
32327
103067
103069
32341
57527
32353
57529
32359
32363
103079
32369
32371
32377
32381
103087
32401
57557
103091
57559
103093
32411
32413
32423
57571
32429
103099
32441
32443
57587
57593
32467
32479
57601
32491
32497
32503
103123
32507
32531
32533
32537
57637
57641
103141
32561
32563
57649
32569
57653
32573
32579
32587
57667
32603
32609
32611
57679
32621
32633
57689
32647
57697
32653
103171
57709
103177
57713
32687
57719
103183
32693
57727
32707
57731
32713
32717
57737
32719
57751
32749
32771
32779
57773
32783
32789
57781
103217
32797
32801
32803
57787
57791
57793
32831
32833
57803
32839
103231
32843
57809
103237
32869
57829
32887
57839
32909
57847
32911
32917
57853
57859
32933
32939
32941
32957
32969
57881
32971
32983
32987
32993
32999
57899
57901
33013
103289
33023
103291
33029
57917
33037
57923
33049
33053
33071
33073
103307
57943
57947
33083
33091
33107
103319
33113
33119
57973
57977
33149
33151
103333
57991
33161
33179
33181
33191
58013
33199
33203
103349
33211
58027
33223
58031
103357
33247
58043
58049
58057
58061
33287
33289
58067
33301
58073
33311
33317
103387
33329
33331
103391
103393
33343
58099
33347
33349
33353
103399
33359
58109
58111
33377
103409
33391
58129
33403
33409
33413
103421
33427
58147
103423
58151
58153
33457
33461
58169
33469
58171
33479
33487
33493
58189
33503
58193
103451
58199
33521
33529
33533
58207
103457
58211
33547
58217
33563
33569
58229
58231
33577
103471
33581
58237
33587
33589
58243
33599
33601
33613
103483
33617
33619
33623
33629
33637
33641
58271
33647
33679
103511
33703
58309
33713
58313
33721
58321
33739
33749
33751
58337
103529
33757
33767
33769
33773
33791
33797
58363
58367
33809
58369
33811
103549
58379
33827
103553
33829
58391
33851
58393
103561
33857
33863
58403
103567
33871
58411
103573
33889
58417
33893
103577
58427
33911
103583
33923
58439
33931
58441
33937
33941
103591
58451
58453
33961
33967
58477
33997
58481
103613
34019
103619
34031
34033
34039
58511
34057
34061
58537
103643
58543
58549
34123
103651
34127
34129
34141
103657
34147
58567
34157
58573
34159
58579
34171
103669
34183
58601
58603
34211
34213
103681
34217
58613
34231
103687
34253
58631
34259
34261
34267
103699
34273
103703
34283
34297
58657
34301
34303
58661
34313
34319
34327
34337
58679
103723
34351
58687
34361
58693
34367
34369
58699
34381
58711
34403
58727
34421
34429
58733
34439
58741
34457
34469
58757
34471
103769
58763
34483
34487
58771
34499
34501
34511
34513
34519
58787
58789
103787
34537
34543
34549
103801
34583
34589
34591
58831
103811
34603
103813
34607
34613
34631
34649
34651
34667
34673
103837
34679
34687
103841
58889
34693
103843
34703
58897
58901
34721
58907
58909
34729
58913
34739
58921
34747
34757
34759
34763
103867
58937
34781
58943
34807
58963
34819
58967
103889
34841
34843
58979
34847
34849
58991
34871
103903
58997
34877
34883
59009
34897
59011
103913
34913
59021
59023
103919
34919
59029
34939
34949
34961
34963
59051
59053
34981
59063
59069
59077
103951
59083
35023
35027
59093
103963
35051
35053
59107
35059
103967
103969
35069
59113
59119
35081
35083
59123
35089
103979
35099
103981
35107
35111
59141
35117
35129
59149
103991
103993
35141
59159
35149
103997
35153
59167
35159
104003
35171
104009
59183
35201
59197
104021
35221
59207
35227
59209
59219
59221
35251
104033
35257
35267
59233
35279
59239
35281
59243
35291
104047
35311
104053
35317
59263
35323
35327
104059
59273
35339
59281
35353
35363
35381
35393
35401
35407
104087
104089
35419
35423
59333
35437
35447
35449
59341
35461
59351
104107
59357
59359
104113
35491
59369
104119
35507
35509
59377
104123
35521
59387
35527
35531
35533
59393
35537
35543
59399
59407
35569
35573
59417
59419
104147
35591
104149
35593
35597
35603
59441
35617
59443
59447
104161
59453
59467
104173
59471
59473
35671
35677
104179
104183
59497
35729
59509
35731
59513
35747
35753
35759
104207
35771
59539
35797
35801
35803
35809
59557
59561
59567
104231
35831
104233
35837
35839
59581
35851
104239
35863
104243
35869
35879
35897
59611
35899
59617
35911
59621
35923
59627
59629
35933
35951
35963
59651
35969
104281
35977
59659
35983
59663
35993
104287
59669
59671
35999
36007
36011
36013
36017
104297
59693
36037
59699
59707
104309
36061
104311
36067
36073
59723
36083
59729
104323
36097
36107
104327
36109
59743
59747
36131
59753
36137
36151
59771
36161
104347
59779
36187
36191
59791
59797
36209
36217
59809
104369
36229
36241
36251
104381
59833
36263
104383
36269
36277
36293
104393
36299
36307
59863
104399
36313
36319
59879
36341
36343
59887
36353
104417
36373
36383
36389
59921
59929
36433
36451
59951
36457
59957
36467
36469
36473
36479
104459
59971
36493
36497
59981
104471
36523
104473
36527
36529
59999
104479
36541
36551
60013
36559
60017
36563
36571
104491
60029
36583
36587
60037
36599
60041
36607
36629
104513
36637
36643
36653
60077
60083
36671
104527
36677
60089
60091
36683
36691
36697
60101
60103
104537
60107
36709
36713
104543
36721
104549
36739
60127
104551
36749
60133
60139
36761
36767
104561
60149
36779
36781
36787
36791
36793
60161
60167
60169
36809
104579
36821
36833
36847
36857
104593
36871
60209
104597
36877
60217
36887
60223
36899
36901
36913
36919
36923
36929
36931
60251
36943
104623
36947
60257
60259
60271
36973
36979
104639
36997
60289
37003
60293
37013
37019
104651
37021
37039
104659
60317
37049
37057
37061
60331
60337
37087
60343
104677
37097
104681
60353
104683
37117
37123
60373
104693
37139
60383
37159
104701
37171
60397
104707
37181
37189
104711
37199
37201
60413
104717
37217
104723
37223
60427
104729
37243
60443
37253
60449
60457
37273
37277
104743
37307
37309
37313
37321
104759
104761
60493
37337
60497
37339
37357
60509
37361
104773
37363
37369
60521
104779
37379
60527
37397
60539
104789
37409
37423
104801
37441
104803
37447
37463
37483
60589
37489
37493
37501
60601
37507
37511
104827
60607
37517
60611
104831
37529
60617
37537
60623
37547
37549
60631
37561
60637
37567
37571
37573
104849
37579
104851
60647
60649
37589
37591
60659
60661
37607
37619
104869
60679
37633
37643
60689
37649
104879
37657
37663
60703
104891
37691
37693
60719
37699
60727
37717
60733
60737
104911
37747
60757
104917
60761
60763
37781
60773
37783
60779
37799
104933
37811
37813
60793
37831
60811
104947
37847
37853
60821
104953
37861
37871
104959
37879
37889
37897
37907
104971
60859
60869
37951
104987
37957
37963
60887
37967
60889
60899
104999
60901
37987
37991
37993
37997
60913
38011
60917
60919
60923
38039
105019
60937
38047
105023
38053
60943
38069
60953
105031
60961
38083
105037
38113
38119
61001
38149
38153
61007
38167
38177
105071
38183
61027
38189
61031
38197
38201
61043
38219
61051
38231
61057
38237
38239
105097
38261
38273
105107
38281
38287
61091
38299
61099
38303
38317
38321
38327
38329
38333
61121
61129
38351
105137
61141
38371
38377
105143
61151
61153
38393
61169
38431
105167
38447
38449
38453
105173
38459
38461
61211
61223
38501
61231
105199
38543
61253
61261
38557
38561
105211
38567
38569
61283
38593
38603
61291
105227
38609
105229
38611
61297
38629
105239
38639
38651
38653
61331
61333
38669
105251
38671
105253
38677
61339
61343
38693
38699
105263
38707
61357
38711
38713
61363
105269
38723
38729
38737
61379
105277
61381
38747
38749
38767
61403
38783
61409
38791
61417
38803
38821
38833
38839
61441
38851
105319
38861
105323
38867
38873
61463
61469
61471
105331
38891
38903
105337
61483
61487
105341
38917
38921
61493
38923
38933
61507
61511
38953
38959
61519
105359
105361
38971
38977
105367
38993
61543
105373
61547
61553
105379
39019
39023
61559
61561
39041
39043
105389
39047
61583
105397
105401
39079
39089
105407
61603
39097
61609
39103
39107
61613
39113
39119
61627
39133
61631
39139
61637
61643
39157
39161
39163
61651
105437
61657
39181
39191
61667
39199
105449
61673
39209
61681
39217
61687
39227
39229
39233
39239
39241
61703
105467
39251
61717
61723
61729
39293
39301
39313
105491
39317
39323
61751
61757
105499
39341
39343
105503
39359
105509
39367
61781
39371
39373
105517
39383
39397
105527
39409
105529
39419
61813
105533
61819
39439
39443
105541
39451
61837
39461
61843
105557
61861
39499
39503
105563
39509
61871
39511
39521
61879
39541
39551
39563
39569
61909
39581
61927
105601
61933
39607
39619
105607
39623
39631
61949
105613
61961
105619
39659
61967
39667
39671
61979
39679
61981
61987
61991
39703
39709
62003
39719
39727
62011
105649
39733
62017
105653
39749
39761
39769
62039
105667
39779
62047
39791
62053
105673
62057
39799
105683
62071
39821
39827
39829
62081
39839
105691
39841
39847
39857
62099
39863
105701
39869
39877
39883
39887
62119
39901
62129
62131
62137
62141
39929
62143
105727
39937
105733
39953
39971
62171
39979
39983
39989
105751
62189
62191
40009
40013
62201
105761
62207
40031
40037
62213
105767
40039
105769
62219
40063
62233
40087
40093
40099
40111
40123
40127
40129
62273
40151
40153
40163
62297
40169
105817
62299
62303
40177
62311
40189
40193
105829
62323
62327
40213
40231
40237
40241
62347
62351
40253
40277
40283
40289
105863
62383
105871
62401
105883
40343
62417
40351
40357
62423
40361
105899
40387
105907
62459
105913
40423
40427
62467
40429
40433
62473
62477
62483
40459
105929
40471
62497
62501
40483
40487
62507
40493
40499
105943
40507
40519
105953
40529
62533
40531
62539
40543
62549
40559
105967
105971
40577
62563
40583
105977
40591
40597
105983
62581
40609
62591
40627
62597
40637
105997
62603
40639
62617
62627
106013
62633
40693
62639
106019
40697
40699
40709
62653
62659
106031
106033
40739
40751
40759
62683
40763
62687
40771
40787
62701
40801
40813
40819
40823
62723
40829
62731
40841
40847
40849
40853
62743
40867
62753
106087
40879
62761
40883
40897
62773
40903
106103
106109
40927
62791
40933
40939
62801
40949
106121
40961
106123
62819
40973
106129
62827
40993
41011
41017
62851
41023
62861
41039
41047
62869
41051
62873
41057
106163
41077
41081
62897
62903
106181
41113
41117
106187
62921
41131
106189
62927
62929
41141
41143
41149
62939
41161
41177
106207
41179
41183
41189
106213
62969
41201
41203
106217
62971
106219
41213
62981
41221
62983
41227
62987
41231
62989
41233
41243
41257
41263
41269
106243
41281
63029
63031
41299
106261
41333
63059
41341
106273
63067
41351
106277
41357
63073
106279
63079
41381
41387
41389
106291
63097
41399
63103
106297
41411
41413
63113
106303
106307
63127
41443
63131
41453
106319
41467
106321
63149
41479
41491
106331
41507
41513
41519
63179
41521
41539
106349
41543
63197
41549
63199
106357
63211
106363
41579
106367
41593
41597
106373
41603
41609
41611
63241
41617
41621
63247
41627
41641
106391
41647
41651
41659
106397
63277
41669
63281
41681
41687
106411
63299
106417
63311
41719
63313
63317
41729
106427
41737
63331
106433
63337
41759
41761
106441
41771
63347
41777
63353
63361
106451
63367
106453
41801
41809
41813
63377
63389
63391
41843
63397
41849
41851
41863
63409
63419
41879
63421
106487
41887
41893
41897
41903
63439
41911
63443
106501
41927
41941
63463
41947
63467
41953
41957
41959
63473
41969
63487
41981
41983
63493
106531
41999
63499
106537
42013
42017
42019
106541
42023
106543
63521
63527
42043
63533
42061
63541
42071
42073
42083
63559
42089
42101
63577
42131
63587
63589
42139
106591
63599
63601
42157
63607
63611
42169
63617
42179
42181
42187
42193
63629
42197
42209
106619
42221
63647
106621
42223
63649
42227
106627
42239
63659
63667
42257
63671
106637
42281
42283
63689
63691
42293
106649
63697
42299
63703
42307
106657
63709
106661
42323
106663
63719
42331
42337
106669
63727
42349
63737
42359
63743
106681
42373
42379
42391
63761
42397
106693
42403
42407
42409
63773
106699
63781
106703
42433
42437
63793
42443
63799
42451
63803
42457
42461
42463
63809
42467
106721
42473
