20011
20021
20023
20029
20047
20051
20063
20071
20089
20101
20107
20113
20117
20123
20129
20143
20147
20149
20161
20173
20177
20183
20201
20219
20231
20233
20249
20261
20269
20287
20297
20323
20327
20333
20341
20347
20353
20357
20359
20369
20389
20393
20399
20407
20411
20431
20441
20443
20477
20479
20483
20507
20509
20521
20533
20543
20549
20551
20563
20593
20599
20611
20627
20639
20641
20663
20681
20693
20707
20717
20719
20731
20743
20747
20749
20753
20759
20771
20773
20789
20807
20809
20849
20857
20873
20879
20887
20897
20899
20903
20921
20929
20939
20947
20959
20963
20981
20983
21001
21011
21013
21017
21019
21023
21031
21059
21061
21067
21089
21101
21107
21121
21139
21143
21149
21157
21163
21169
21179
21187
21191
21193
21211
21221
21227
21247
21269
21277
21283
21313
21317
21319
21323
21341
21347
21377
21379
21383
21391
21397
21401
21407
21419
21433
21467
21481
21487
21491
21493
21499
21503
21517
21521
21523
21529
21557
21559
21563
21569
21577
21587
21589
21599
21601
21611
21613
21617
21647
21649
21661
21673
21683
21701
21713
21727
21737
21739
21751
21757
21767
21773
21787
21799
21803
21817
21821
21839
21841
21851
21859
21863
21871
21881
21893
21911
21929
21937
21943
21961
21977
21991
21997
22003
22013
22027
22031
22037
22039
22051
22063
22067
22073
22079
22091
22093
22109
22111
22123
22129
22133
22147
22153
22157
22159
22171
22189
22193
22229
22247
22259
22271
22273
22277
22279
22283
22291
22303
22307
22343
22349
22367
22369
22381
22391
22397
22409
22433
22441
22447
22453
22469
22481
22483
22501
22511
22531
22541
22543
22549
22567
22571
22573
22613
22619
22621
22637
22639
22643
22651
22669
22679
22691
22697
22699
22709
22717
22721
22727
22739
22741
22751
22769
22777
22783
22787
22807
22811
22817
22853
22859
22861
22871
22877
22901
22907
22921
22937
22943
22961
22963
22973
22993
23003
23011
23017
23021
23027
23029
23039
23041
23053
23057
23059
23063
23071
23081
23087
23099
23117
23131
23143
23159
23167
23173
23189
23197
23201
23203
23209
23227
23251
23269
23279
23291
23293
23297
23311
23321
23327
23333
23339
23357
23369
23371
23399
23417
23431
23447
23459
23473
23497
23509
23531
23537
23539
23549
23557
23561
23563
23567
23581
23593
23599
23603
23609
23623
23627
23629
23633
23663
23669
23671
23677
23687
23689
23719
23741
23743
23747
23753
23761
23767
23773
23789
23801
23813
23819
23827
23831
23833
23857
23869
23873
23879
23887
23893
23899
23909
23911
23917
23929
23957
23971
23977
23981
23993
24001
24007
24019
24023
24029
24043
24049
24061
24071
24077
24083
24091
24097
24103
24107
24109
24113
24121
24133
24137
24151
24169
24179
24181
24197
24203
24223
24229
24239
24247
24251
24281
24317
24329
24337
24359
24371
24373
24379
24391
24407
24413
24419
24421
24439
24443
24469
24473
24481
24499
24509
24517
24527
24533
24547
24551
24571
24593
24611
24623
24631
24659
24671
24677
24683
24691
24697
24709
24733
24749
24763
24767
24781
24793
24799
24809
24821
24841
24847
24851
24859
24877
24889
24907
24917
24919
24923
24943
24953
24967
24971
24977
24979
24989
25013
25031
25033
25037
25057
25073
25087
25097
25111
25117
25121
25127
25147
25153
25163
25169
25171
25183
25189
25219
25229
25237
25243
25247
25253
25261
25301
25303
25307
25309
25321
25339
25343
25349
25357
25367
25373
25391
25409
25411
25423
25439
25447
25453
25457
25463
25469
25471
25523
25537
25541
25561
25577
25579
25583
25589
25601
25603
25609
25621
25633
25639
25643
25657
25667
25673
25679
25693
25703
25717
25733
25741
25747
25759
25763
25771
25793
25799
25801
25819
25841
25847
25849
25867
25873
25889
25903
25913
25919
25931
25933
25939
25943
25951
25969
25981
25997
25999
26003
26017
26021
26029
26041
26053
26083
26099
26107
26111
26113
26119
26141
26153
26161
26171
26177
26183
26189
26203
26209
26227
26237
26249
26251
26261
26263
26267
26293
26297
26309
26317
26321
26339
26347
26357
26371
26387
26393
26399
26407
26417
26423
26431
26437
26449
26459
26479
26489
26497
26501
26513
26539
26557
26561
26573
26591
26597
26627
26633
26641
26647
26669
26681
26683
26687
26693
26699
26701
26711
26713
26717
26723
26729
26731
26737
26759
26777
26783
26801
26813
26821
26833
26839
26849
26861
26863
26879
26881
26891
26893
26903
26921
26927
26947
26951
26953
26959
26981
26987
26993
27011
27017
27031
27043
27059
27061
27067
27073
27077
27091
27103
27107
27109
27127
27143
27179
27191
27197
27211
27239
27241
27253
27259
27271
27277
27281
27283
27299
27329
27337
27361
27367
27397
27407
27409
27427
27431
27437
27449
27457
27479
27481
27487
27509
27527
27529
27539
27541
27551
27581
27583
27611
27617
27631
27647
27653
27673
27689
27691
27697
27701
27733
27737
27739
27743
27749
27751
27763
27767
27773
27779
27791
27793
27799
27803
27809
27817
27823
27827
27847
27851
27883
27893
27901
27917
27919
27941
27943
27947
27953
27961
27967
27983
27997
28001
28019
28027
28031
28051
28057
28069
28081
28087
28097
28099
28109
28111
28123
28151
28163
28181
28183
28201
28211
28219
28229
28277
28279
28283
28289
28297
28307
28309
28319
28349
28351
28387
28393
28403
28409
28411
28429
28433
28439
28447
28463
28477
28493
28499
28513
28517
28537
28541
28547
28549
28559
28571
28573
28579
28591
28597
28603
28607
28619
28621
28627
28631
28643
28649
28657
28661
28663
28669
28687
28697
28703
28711
28723
28729
28751
28753
28759
28771
28789
28793
28807
28813
28817
28837
28843
28859
28867
28871
28879
28901
28909
28921
28927
28933
28949
28961
28979
29009
29017
29021
29023
29027
29033
29059
29063
29077
29101
29123
29129
29131
29137
29147
29153
29167
29173
29179
29191
29201
29207
29209
29221
29231
29243
29251
29269
29287
29297
29303
29311
29327
29333
29339
29347
29363
29383
29387
29389
29399
29401
29411
29423
29429
29437
29443
29453
29473
29483
29501
29527
29531
29537
29567
29569
29573
29581
29587
29599
29611
29629
29633
29641
29663
29669
29671
29683
29717
29723
29741
29753
29759
29761
29789
29803
29819
29833
29837
29851
29863
29867
29873
29879
29881
29917
29921
29927
29947
29959
29983
29989
19
109829
109831
109841
109843
109847
109849
109859
109873
109883
109891
109897
109903
109913
109919
109937
109943
109961
109987
110017
110023
110039
110051
110059
110063
110069
110083
110119
110129
110161
110183
110221
110233
110237
110251
110261
110269
110273
110281
110291
110311
110321
110323
110339
110359
110419
110431
110437
110441
110459
110477
110479
110491
110501
110503
110527
110533
110543
110557
110563
110567
110569
110573
110581
110587
110597
110603
110609
110623
110629
110641
110647
110651
110681
110711
110729
110731
110749
110753
110771
110777
110807
110813
110819
110821
110849
110863
110879
110881
110899
110909
110917
110921
110923
110927
110933
110939
110947
110951
110969
110977
110989
111029
111031
111043
111049
111053
111091
111103
111109
111119
111121
111127
111143
111149
111187
111191
111211
111217
111227
111229
111253
111263
111269
111271
111301
111317
111323
111337
111341
111347
111373
111409
111427
111431
111439
111443
111467
111487
111491
111493
111497
111509
111521
111533
111539
111577
111581
111593
111599
111611
111623
111637
111641
111653
111659
111667
111697
111721
111731
111733
111751
111767
111773
111779
111781
111791
111799
111821
111827
111829
111833
111847
111857
111863
111869
111871
111893
111913
111919
111949
111953
111959
111973
111977
111997
112019
112031
112061
112067
112069
112087
112097
112103
112111
112121
112129
112139
112153
112163
112181
112199
112207
112213
112223
112237
112241
112247
112249
112253
112261
112279
112289
112291
112297
112303
112327
112331
112337
112339
112349
112361
112363
112397
112403
112429
112459
112481
112501
112507
112543
112559
112571
112573
112577
112583
112589
112601
112603
112621
112643
112657
112663
112687
112691
112741
112757
112759
112771
112787
112799
112807
112831
112843
112859
112877
112901
112909
112913
112919
112921
112927
112939
112951
112967
112979
112997
113011
113017
113021
113023
113027
113039
113041
113051
113063
113081
113083
113089
113093
113111
113117
113123
113131
113143
113147
113149
113153
113159
113161
113167
113171
113173
113177
113189
113209
113213
113227
113233
113279
113287
113327
113329
113341
113357
113359
113363
113371
113381
113383
113417
113437
113453
113467
113489
113497
113501
113513
113537
113539
113557
113567
113591
113621
113623
113647
113657
113683
113717
113719
113723
113731
113749
113759
113761
113777
113779
113783
113797
113809
113819
113837
113843
113891
113899
113903
113909
113921
113933
113947
113957
113963
113969
113983
113989
114001
114013
114031
114041
114043
114067
114073
114077
114083
114089
114113
114143
114157
114161
114167
114193
114197
114199
114203
114217
114221
114229
114259
114269
114277
114281
114299
114311
114319
114329
114343
114371
114377
114407
114419
114451
114467
114473
114479
114487
114493
114547
114553
114571
114577
114593
114599
114601
114613
114617
114641
114643
114649
114659
114661
114671
114679
114689
114691
114713
114743
114749
114757
114761
114769
114773
114781
114797
114799
114809
114827
114833
114847
114859
114883
114889
114901
114913
114941
114967
114973
114997
115001
115013
115019
115021
115057
115061
115067
115079
115099
115117
115123
115127
115133
115151
115153
115163
115183
115201
115211
115223
115237
115249
115259
115279
115301
115303
115309
115319
115321
115327
115331
115337
115343
115361
115363
115399
115421
115429
115459
115469
115471
115499
115513
115523
115547
115553
115561
115571
115589
115597
115601
115603
115613
115631
115637
115657
115663
115679
115693
115727
115733
115741
115751
115757
115763
115769
115771
115777
115781
115783
115793
115807
115811
115823
115831
115837
115849
115853
115859
115861
115873
115877
115879
115883
115891
115901
115903
115931
115933
115963
115979
115981
115987
116009
116027
116041
116047
116089
116099
116101
116107
116113
116131
116141
116159
116167
116177
116189
116191
116201
116239
116243
116257
116269
116273
116279
116293
116329
116341
116351
116359
116371
116381
116387
116411
116423
116437
116443
116447
116461
116471
116483
116491
116507
116531
116533
116537
116539
116549
116579
116593
116639
116657
116663
116681
116687
116689
116707
116719
116731
116741
116747
116789
116791
116797
116803
116819
116827
116833
116849
116867
116881
116903
116911
116923
116927
116929
116933
116953
116959
116969
116981
116989
116993
117017
117023
117037
117041
117043
117053
117071
117101
117109
117119
117127
117133
117163
117167
117191
117193
117203
117209
117223
117239
117241
117251
117259
117269
117281
117307
117319
117329
117331
117353
117361
117371
117373
117389
117413
117427
117431
117437
117443
117497
117499
117503
117511
117517
117529
117539
117541
117563
117571
117577
117617
117619
117643
117659
117671
117673
117679
117701
117703
117709
117721
117727
117731
117751
117757
117763
117773
117779
117787
117797
117809
117811
117833
117839
117841
117851
117877
117881
117883
117889
117899
117911
117917
117937
117959
117973
117977
117979
117989
117991
118033
118037
118043
118051
118057
118061
118081
118093
118127
118147
118163
118169
118171
118189
118211
118213
118219
118247
118249
118253
118259
118273
118277
118297
118343
118361
118369
118373
118387
118399
118409
118411
118423
118429
118453
118457
118463
118471
118493
118529
118543
118549
118571
118583
118589
118603
118619
118621
118633
118661
118669
118673
118681
118687
118691
118709
118717
118739
118747
118751
118757
118787
118799
118801
118819
118831
118843
118861
118873
118891
118897
118901
118903
118907
118913
118927
118931
118967
118973
119027
119033
119039
119047
119057
119069
119083
119087
119089
119099
119101
119107
119129
119131
119159
119173
119179
119183
119191
119227
119233
119237
119243
119267
119291
119293
119297
119299
119311
119321
119359
119363
119389
119417
119419
119429
119447
119489
119503
119513
119533
119549
119551
119557
119563
119569
119591
119611
119617
119627
119633
119653
119657
119659
119671
119677
119687
119689
119699
119701
119723
119737
119747
119759
119771
119773
119783
119797
119809
119813
119827
119831
119839
119849
119851
119869
119881
119891
119921
119923
119929
119953
119963
119971
119981
119983
119993
120011
120017
120041
120047
120049
120067
120077
120079
120091
120097
120103
120121
120157
120163
120167
120181
120193
120199
120209
120223
120233
120247
120277
120283
120293
120299
120319
120331
120349
120371
120383
120391
120397
120401
120413
120427
120431
120473
120503
120511
120539
120551
120557
120563
120569
120577
120587
120607
120619
120623
120641
120647
120661
120671
120677
120689
120691
120709
120713
120721
120737
120739
120749
120763
120767
120779
120811
120817
120823
120829
120833
120847
120851
120863
120871
120877
120889
120899
120907
120917
120919
120929
120937
120941
120943
120947
120977
120997
121001
121007
121013
121019
121021
121039
121061
121063
121067
121081
121123
121139
121151
121157
121169
121171
121181
121189
121229
121259
121267
121271
121283
121291
121309
121313
121321
121327
121333
121343
121349
121351
121357
121367
121369
121379
121403
121421
121439
121441
121447
121453
121469
121487
121493
121501
121507
121523
121531
121547
121553
121559
121571
121577
121579
121591
121607
121609
121621
121631
121633
121637
121661
121687
121697
121711
121721
121727
121763
121787
121789
121843
121853
121867
121883
121889
121909
121921
121931
121937
121949
121951
121963
121967
121993
121997
122011
122021
122027
122029
122033
122039
122041
122051
122053
122069
122081
122099
122117
122131
122147
122149
122167
122173
122201
122203
122207
122209
122219
122231
122251
122263
122267
122273
122279
122299
122321
122323
122327
122347
122363
122387
122389
122393
122399
122401
122443
122449
122453
122471
122477
122489
122497
122501
122503
122509
122527
122533
122557
122561
122579
122597
122599
122609
122611
122651
122653
122663
122693
122701
122719
122741
122743
122753
122761
122777
122789
122819
122827
122833
122839
122849
122861
122867
122869
122887
122891
122921
122929
122939
122953
122957
122963
122971
123001
123007
123017
123031
123049
123059
123077
123083
123091
123113
123121
123127
123143
123169
123191
123203
123209
123217
123229
123239
123259
123269
123289
123307
123311
123323
123341
123373
123377
123379
123397
123401
123407
123419
123427
123433
123439
123449
123457
123479
123491
123493
123499
123503
123517
123527
123547
123551
123553
123581
123583
123593
123601
123619
123631
123637
123653
123661
123667
123677
123701
123707
123719
123727
123731
123733
123737
123757
123787
123791
123803
123817
123821
123829
123833
123853
123863
123887
123911
123923
123931
123941
123953
123973
123979
123983
123989
123997
124001
124021
124067
124087
124097
124121
124123
124133
124139
124147
124153
124171
124181
124183
124193
124199
124213
124231
124247
124249
